(kicad_pcb (version 20171130) (host pcbnew "(5.1.5)-3")

  (general
    (thickness 1.6)
    (drawings 62)
    (tracks 458)
    (zones 0)
    (modules 30)
    (nets 37)
  )

  (page A4)
  (layers
    (0 F.Cu signal)
    (1 In1.Cu power)
    (2 In2.Cu power)
    (31 B.Cu signal)
    (33 F.Adhes user)
    (35 F.Paste user)
    (36 B.SilkS user)
    (37 F.SilkS user)
    (39 F.Mask user)
    (40 Dwgs.User user)
    (41 Cmts.User user)
    (42 Eco1.User user)
    (43 Eco2.User user)
    (44 Edge.Cuts user)
    (45 Margin user)
    (46 B.CrtYd user)
    (47 F.CrtYd user)
    (49 F.Fab user hide)
  )

  (setup
    (last_trace_width 0.508)
    (user_trace_width 0.2032)
    (user_trace_width 0.3048)
    (user_trace_width 0.508)
    (trace_clearance 0.1524)
    (zone_clearance 0.2032)
    (zone_45_only no)
    (trace_min 0.1524)
    (via_size 0.6858)
    (via_drill 0.3302)
    (via_min_size 0.508)
    (via_min_drill 0.254)
    (user_via 0.508 0.254)
    (user_via 0.6858 0.3302)
    (uvia_size 0.6858)
    (uvia_drill 0.3302)
    (uvias_allowed no)
    (uvia_min_size 0)
    (uvia_min_drill 0)
    (edge_width 0.05)
    (segment_width 0.2)
    (pcb_text_width 0.3)
    (pcb_text_size 1.5 1.5)
    (mod_edge_width 0.12)
    (mod_text_size 1 1)
    (mod_text_width 0.15)
    (pad_size 1.524 1.524)
    (pad_drill 0.762)
    (pad_to_mask_clearance 0.0508)
    (solder_mask_min_width 0.254)
    (aux_axis_origin 0 0)
    (visible_elements FFFFFF7F)
    (pcbplotparams
      (layerselection 0x010fc_ffffffff)
      (usegerberextensions false)
      (usegerberattributes false)
      (usegerberadvancedattributes false)
      (creategerberjobfile false)
      (excludeedgelayer true)
      (linewidth 0.100000)
      (plotframeref false)
      (viasonmask false)
      (mode 1)
      (useauxorigin false)
      (hpglpennumber 1)
      (hpglpenspeed 20)
      (hpglpendiameter 15.000000)
      (psnegative false)
      (psa4output false)
      (plotreference true)
      (plotvalue true)
      (plotinvisibletext false)
      (padsonsilk false)
      (subtractmaskfromsilk false)
      (outputformat 1)
      (mirror false)
      (drillshape 1)
      (scaleselection 1)
      (outputdirectory ""))
  )

  (net 0 "")
  (net 1 "Net-(U1-Pad1)")
  (net 2 "Net-(U1-Pad2)")
  (net 3 "Net-(J2-Pad6)")
  (net 4 "Net-(J2-Pad7)")
  (net 5 "Net-(J1-Pad3)")
  (net 6 "Net-(J1-Pad4)")
  (net 7 "Net-(U1-Pad30)")
  (net 8 "Net-(U1-Pad31)")
  (net 9 GND)
  (net 10 "Net-(AE1-Pad1)")
  (net 11 "Net-(BT1-Pad1)")
  (net 12 VDDS)
  (net 13 VDDR)
  (net 14 "Net-(C10-Pad1)")
  (net 15 "Net-(C9-Pad1)")
  (net 16 "Net-(C12-Pad1)")
  (net 17 "Net-(C13-Pad1)")
  (net 18 JTAG_RESET)
  (net 19 "Net-(C15-Pad1)")
  (net 20 JTAG_TMS)
  (net 21 JTAG_TCK)
  (net 22 JTAG_TDO)
  (net 23 "Net-(J3-Pad7)")
  (net 24 JTAG_TDI)
  (net 25 "Net-(J4-Pad2)")
  (net 26 "Net-(J4-Pad3)")
  (net 27 "Net-(J4-Pad4)")
  (net 28 "Net-(J4-Pad5)")
  (net 29 "Net-(J4-Pad6)")
  (net 30 "Net-(J4-Pad7)")
  (net 31 "Net-(J4-Pad8)")
  (net 32 "Net-(J4-Pad1)")
  (net 33 DCDC_SW)
  (net 34 SCL)
  (net 35 SDA)
  (net 36 "Net-(J2-Pad8)")

  (net_class Default "This is the default net class."
    (clearance 0.1524)
    (trace_width 0.1524)
    (via_dia 0.6858)
    (via_drill 0.3302)
    (uvia_dia 0.6858)
    (uvia_drill 0.3302)
    (add_net DCDC_SW)
    (add_net GND)
    (add_net JTAG_RESET)
    (add_net JTAG_TCK)
    (add_net JTAG_TDI)
    (add_net JTAG_TDO)
    (add_net JTAG_TMS)
    (add_net "Net-(AE1-Pad1)")
    (add_net "Net-(BT1-Pad1)")
    (add_net "Net-(C10-Pad1)")
    (add_net "Net-(C12-Pad1)")
    (add_net "Net-(C13-Pad1)")
    (add_net "Net-(C15-Pad1)")
    (add_net "Net-(C9-Pad1)")
    (add_net "Net-(J1-Pad3)")
    (add_net "Net-(J1-Pad4)")
    (add_net "Net-(J2-Pad6)")
    (add_net "Net-(J2-Pad7)")
    (add_net "Net-(J2-Pad8)")
    (add_net "Net-(J3-Pad7)")
    (add_net "Net-(J4-Pad1)")
    (add_net "Net-(J4-Pad2)")
    (add_net "Net-(J4-Pad3)")
    (add_net "Net-(J4-Pad4)")
    (add_net "Net-(J4-Pad5)")
    (add_net "Net-(J4-Pad6)")
    (add_net "Net-(J4-Pad7)")
    (add_net "Net-(J4-Pad8)")
    (add_net "Net-(U1-Pad1)")
    (add_net "Net-(U1-Pad2)")
    (add_net "Net-(U1-Pad30)")
    (add_net "Net-(U1-Pad31)")
    (add_net SCL)
    (add_net SDA)
    (add_net VDDR)
    (add_net VDDS)
  )

  (module Robin:Castallated_1x08_P2.54mm (layer F.Cu) (tedit 5E94846F) (tstamp 5E941D9E)
    (at 169.6212 74.7776 90)
    (descr "Through hole straight pin header, 1x08, 2.54mm pitch, single row")
    (tags "Through hole pin header THT 1x08 2.54mm single row")
    (path /5EA5C3CB)
    (fp_text reference J4 (at 0 -2.33 90) (layer F.Fab)
      (effects (font (size 1 1) (thickness 0.15)))
    )
    (fp_text value Conn_01x08 (at 0 20.11 90) (layer F.Fab)
      (effects (font (size 1 1) (thickness 0.15)))
    )
    (fp_text user %R (at 0 8.89) (layer F.Fab)
      (effects (font (size 1 1) (thickness 0.15)))
    )
    (fp_line (start -1.27 -1.8) (end 0 -1.8) (layer F.CrtYd) (width 0.05))
    (fp_line (start -1.27 19.55) (end -1.27 -1.8) (layer F.CrtYd) (width 0.05))
    (fp_line (start 0 19.55) (end -1.27 19.55) (layer F.CrtYd) (width 0.05))
    (fp_line (start 0 -1.8) (end 0 19.55) (layer F.CrtYd) (width 0.05))
    (fp_line (start 0 -1.33) (end -1.33 -1.33) (layer F.SilkS) (width 0.12))
    (fp_line (start 0 0) (end 0 -1.33) (layer F.SilkS) (width 0.12))
    (fp_line (start 0 1.27) (end -1.33 1.27) (layer F.SilkS) (width 0.12))
    (fp_line (start -1.33 1.27) (end -1.33 19.11) (layer F.SilkS) (width 0.12))
    (fp_line (start 0 1.27) (end 0 19.11) (layer F.SilkS) (width 0.12))
    (fp_line (start 0 19.11) (end -1.33 19.11) (layer F.SilkS) (width 0.12))
    (fp_line (start -1.27 -0.635) (end -0.508 -1.27) (layer F.Fab) (width 0.1))
    (fp_line (start -1.27 19.05) (end -1.27 -0.635) (layer F.Fab) (width 0.1))
    (fp_line (start -1.27 19.05) (end -0.508 19.05) (layer F.Fab) (width 0.1))
    (fp_line (start -0.508 -1.27) (end -0.508 19.05) (layer F.Fab) (width 0.1))
    (fp_line (start 0 -1.27) (end -0.508 -1.27) (layer F.Fab) (width 0.1))
    (pad 1 thru_hole oval (at -0.01392 0.01054 90) (size 1.7 1.7) (drill 1) (layers *.Cu *.Mask)
      (net 32 "Net-(J4-Pad1)"))
    (pad 8 thru_hole oval (at 0 17.78 90) (size 1.7 1.7) (drill 1) (layers *.Cu *.Mask)
      (net 31 "Net-(J4-Pad8)"))
    (pad 7 thru_hole oval (at 0 15.24 90) (size 1.7 1.7) (drill 1) (layers *.Cu *.Mask)
      (net 30 "Net-(J4-Pad7)"))
    (pad 6 thru_hole oval (at 0 12.7 90) (size 1.7 1.7) (drill 1) (layers *.Cu *.Mask)
      (net 29 "Net-(J4-Pad6)"))
    (pad 5 thru_hole oval (at 0 10.16 90) (size 1.7 1.7) (drill 1) (layers *.Cu *.Mask)
      (net 28 "Net-(J4-Pad5)"))
    (pad 4 thru_hole oval (at 0 7.62 90) (size 1.7 1.7) (drill 1) (layers *.Cu *.Mask)
      (net 27 "Net-(J4-Pad4)"))
    (pad 3 thru_hole oval (at 0 5.08 90) (size 1.7 1.7) (drill 1) (layers *.Cu *.Mask)
      (net 26 "Net-(J4-Pad3)"))
    (pad 2 thru_hole oval (at 0 2.54 90) (size 1.7 1.7) (drill 1) (layers *.Cu *.Mask)
      (net 25 "Net-(J4-Pad2)"))
    (model ${KISYS3DMOD}/Connector_PinHeader_2.54mm.3dshapes/PinHeader_1x08_P2.54mm_Vertical.wrl
      (at (xyz 0 0 0))
      (scale (xyz 1 1 1))
      (rotate (xyz 0 0 0))
    )
  )

  (module Robin:Castallated_1x08_P2.54mm (layer F.Cu) (tedit 5E948443) (tstamp 5E93F16B)
    (at 169.6212 82.9564 90)
    (descr "Through hole straight pin header, 1x08, 2.54mm pitch, single row")
    (tags "Through hole pin header THT 1x08 2.54mm single row")
    (path /5EBD2FB1)
    (fp_text reference J2 (at 0 -2.33 90) (layer F.Fab)
      (effects (font (size 1 1) (thickness 0.15)))
    )
    (fp_text value Conn_01x08 (at 0 20.11 90) (layer F.Fab)
      (effects (font (size 1 1) (thickness 0.15)))
    )
    (fp_line (start 0 -1.27) (end 0.508 -1.27) (layer F.Fab) (width 0.1))
    (fp_line (start 0.508 -1.27) (end 0.508 19.05) (layer F.Fab) (width 0.1))
    (fp_line (start 1.27 19.05) (end 0.508 19.05) (layer F.Fab) (width 0.1))
    (fp_line (start 1.27 19.05) (end 1.27 -0.635) (layer F.Fab) (width 0.1))
    (fp_line (start 1.27 -0.635) (end 0.508 -1.27) (layer F.Fab) (width 0.1))
    (fp_line (start 0 19.11) (end 1.33 19.11) (layer F.SilkS) (width 0.12))
    (fp_line (start 0 1.27) (end 0 19.11) (layer F.SilkS) (width 0.12))
    (fp_line (start 1.33 1.27) (end 1.33 19.11) (layer F.SilkS) (width 0.12))
    (fp_line (start 0 1.27) (end 1.33 1.27) (layer F.SilkS) (width 0.12))
    (fp_line (start 0 0) (end 0 -1.33) (layer F.SilkS) (width 0.12))
    (fp_line (start 0 -1.33) (end 1.33 -1.33) (layer F.SilkS) (width 0.12))
    (fp_line (start 0 -1.8) (end 0 19.55) (layer F.CrtYd) (width 0.05))
    (fp_line (start 0 19.55) (end 1.27 19.55) (layer F.CrtYd) (width 0.05))
    (fp_line (start 1.27 19.572) (end 1.27 -1.778) (layer F.CrtYd) (width 0.05))
    (fp_line (start 1.27 -1.8) (end 0 -1.8) (layer F.CrtYd) (width 0.05))
    (fp_text user %R (at 0 8.89 180) (layer F.Fab)
      (effects (font (size 1 1) (thickness 0.15)))
    )
    (pad 2 thru_hole oval (at 0 2.54 90) (size 1.7 1.7) (drill 1) (layers *.Cu *.Mask)
      (net 9 GND))
    (pad 3 thru_hole oval (at 0 5.08 90) (size 1.7 1.7) (drill 1) (layers *.Cu *.Mask)
      (net 9 GND))
    (pad 4 thru_hole oval (at 0 7.62 90) (size 1.7 1.7) (drill 1) (layers *.Cu *.Mask)
      (net 12 VDDS))
    (pad 5 thru_hole oval (at 0 10.16 90) (size 1.7 1.7) (drill 1) (layers *.Cu *.Mask)
      (net 12 VDDS))
    (pad 6 thru_hole oval (at 0 12.7 90) (size 1.7 1.7) (drill 1) (layers *.Cu *.Mask)
      (net 3 "Net-(J2-Pad6)"))
    (pad 7 thru_hole oval (at 0 15.24 90) (size 1.7 1.7) (drill 1) (layers *.Cu *.Mask)
      (net 4 "Net-(J2-Pad7)"))
    (pad 8 thru_hole oval (at 0 17.78 90) (size 1.7 1.7) (drill 1) (layers *.Cu *.Mask)
      (net 36 "Net-(J2-Pad8)"))
    (pad 1 thru_hole oval (at 0.01392 0.01054 90) (size 1.7 1.7) (drill 1) (layers *.Cu *.Mask)
      (net 9 GND))
    (model ${KISYS3DMOD}/Connector_PinHeader_2.54mm.3dshapes/PinHeader_1x08_P2.54mm_Vertical.wrl
      (at (xyz 0 0 0))
      (scale (xyz 1 1 1))
      (rotate (xyz 0 0 0))
    )
  )

  (module Crystal:Crystal_SMD_MicroCrystal_MS3V-T1R (layer F.Cu) (tedit 5A1AD604) (tstamp 5E933652)
    (at 212.0138 78.8416 180)
    (descr "SMD Watch Crystal MicroCrystal MS3V-T1R 5.2mm length 1.4mm diameter http://www.microcrystal.com/images/_Product-Documentation/03_TF_metal_Packages/01_Datasheet/MS3V-T1R.pdf")
    (tags ['MS3V-T1R'])
    (path /5E96273F)
    (attr smd)
    (fp_text reference Y1 (at -2.07 -1.9625 90) (layer F.Fab)
      (effects (font (size 1 1) (thickness 0.15)))
    )
    (fp_text value Crystal_Small (at 2.07 -1.9625 90) (layer F.Fab)
      (effects (font (size 1 1) (thickness 0.15)))
    )
    (fp_text user %R (at 0 0.075) (layer F.Fab)
      (effects (font (size 0.5 0.5) (thickness 0.075)))
    )
    (fp_line (start -0.7 -1.925) (end -0.7 3.275) (layer F.Fab) (width 0.1))
    (fp_line (start -0.7 3.275) (end 0.7 3.275) (layer F.Fab) (width 0.1))
    (fp_line (start 0.7 3.275) (end 0.7 -1.925) (layer F.Fab) (width 0.1))
    (fp_line (start 0.7 -1.925) (end -0.7 -1.925) (layer F.Fab) (width 0.1))
    (fp_line (start -0.35 -1.925) (end -0.5 -2.525) (layer F.Fab) (width 0.1))
    (fp_line (start -0.5 -2.525) (end -0.5 -3.125) (layer F.Fab) (width 0.1))
    (fp_line (start 0.35 -1.925) (end 0.5 -2.525) (layer F.Fab) (width 0.1))
    (fp_line (start 0.5 -2.525) (end 0.5 -3.125) (layer F.Fab) (width 0.1))
    (fp_line (start -0.95 1.075) (end -0.95 -2.125) (layer F.SilkS) (width 0.12))
    (fp_line (start -0.95 -2.125) (end 0.95 -2.125) (layer F.SilkS) (width 0.12))
    (fp_line (start 0.95 -2.125) (end 0.95 1.075) (layer F.SilkS) (width 0.12))
    (fp_line (start -0.35 -2.125) (end -0.5 -2.375) (layer F.SilkS) (width 0.12))
    (fp_line (start -0.5 -2.375) (end -0.5 -2.375) (layer F.SilkS) (width 0.12))
    (fp_line (start 0.35 -2.125) (end 0.5 -2.375) (layer F.SilkS) (width 0.12))
    (fp_line (start 0.5 -2.375) (end 0.5 -2.375) (layer F.SilkS) (width 0.12))
    (fp_line (start -1.5 -3.93) (end -1.5 3.97) (layer F.CrtYd) (width 0.05))
    (fp_line (start -1.5 3.97) (end 1.5 3.97) (layer F.CrtYd) (width 0.05))
    (fp_line (start 1.5 3.97) (end 1.5 -3.93) (layer F.CrtYd) (width 0.05))
    (fp_line (start 1.5 -3.93) (end -1.5 -3.93) (layer F.CrtYd) (width 0.05))
    (pad 1 smd rect (at -0.5 -3.125 180) (size 0.6 1.1) (layers F.Cu F.Paste F.Mask)
      (net 17 "Net-(C13-Pad1)"))
    (pad 2 smd rect (at 0.5 -3.125 180) (size 0.6 1.1) (layers F.Cu F.Paste F.Mask)
      (net 16 "Net-(C12-Pad1)"))
    (pad 3 smd rect (at 0 2.475 180) (size 1.5 2.4) (layers F.Cu F.Paste F.Mask))
    (model ${KISYS3DMOD}/Crystal.3dshapes/Crystal_SMD_MicroCrystal_MS3V-T1R.wrl
      (offset (xyz 0 0.3249999953589897 0))
      (scale (xyz 1 1 1))
      (rotate (xyz 0 0 0))
    )
  )

  (module Package_DFN_QFN:VQFN-32-1EP_5x5mm_P0.5mm_EP3.1x3.1mm_ThermalVias (layer F.Cu) (tedit 5C4CAA7E) (tstamp 5E93E9E1)
    (at 192.8876 78.8924 90)
    (descr "VQFN, 32 Pin (http://ww1.microchip.com/downloads/en/devicedoc/atmel-9520-at42-qtouch-bsw-at42qt1110_datasheet.pdf#page=42), generated with kicad-footprint-generator ipc_noLead_generator.py")
    (tags "VQFN NoLead")
    (path /5E917DBC)
    (attr smd)
    (fp_text reference U1 (at 0 -3.82 90) (layer F.Fab)
      (effects (font (size 1 1) (thickness 0.15)))
    )
    (fp_text value CC2650F128RHB (at 0 3.82 90) (layer F.Fab)
      (effects (font (size 1 1) (thickness 0.15)))
    )
    (fp_text user %R (at 0 0 90) (layer F.Fab)
      (effects (font (size 1 1) (thickness 0.15)))
    )
    (fp_line (start 3.12 -3.12) (end -3.12 -3.12) (layer F.CrtYd) (width 0.05))
    (fp_line (start 3.12 3.12) (end 3.12 -3.12) (layer F.CrtYd) (width 0.05))
    (fp_line (start -3.12 3.12) (end 3.12 3.12) (layer F.CrtYd) (width 0.05))
    (fp_line (start -3.12 -3.12) (end -3.12 3.12) (layer F.CrtYd) (width 0.05))
    (fp_line (start -2.5 -1.5) (end -1.5 -2.5) (layer F.Fab) (width 0.1))
    (fp_line (start -2.5 2.5) (end -2.5 -1.5) (layer F.Fab) (width 0.1))
    (fp_line (start 2.5 2.5) (end -2.5 2.5) (layer F.Fab) (width 0.1))
    (fp_line (start 2.5 -2.5) (end 2.5 2.5) (layer F.Fab) (width 0.1))
    (fp_line (start -1.5 -2.5) (end 2.5 -2.5) (layer F.Fab) (width 0.1))
    (fp_line (start -2.135 -2.61) (end -2.61 -2.61) (layer F.SilkS) (width 0.12))
    (fp_line (start 2.61 2.61) (end 2.61 2.135) (layer F.SilkS) (width 0.12))
    (fp_line (start 2.135 2.61) (end 2.61 2.61) (layer F.SilkS) (width 0.12))
    (fp_line (start -2.61 2.61) (end -2.61 2.135) (layer F.SilkS) (width 0.12))
    (fp_line (start -2.135 2.61) (end -2.61 2.61) (layer F.SilkS) (width 0.12))
    (fp_line (start 2.61 -2.61) (end 2.61 -2.135) (layer F.SilkS) (width 0.12))
    (fp_line (start 2.135 -2.61) (end 2.61 -2.61) (layer F.SilkS) (width 0.12))
    (pad 32 smd roundrect (at -1.75 -2.4375 90) (size 0.25 0.875) (layers F.Cu F.Paste F.Mask) (roundrect_rratio 0.25)
      (net 13 VDDR))
    (pad 31 smd roundrect (at -1.25 -2.4375 90) (size 0.25 0.875) (layers F.Cu F.Paste F.Mask) (roundrect_rratio 0.25)
      (net 8 "Net-(U1-Pad31)"))
    (pad 30 smd roundrect (at -0.75 -2.4375 90) (size 0.25 0.875) (layers F.Cu F.Paste F.Mask) (roundrect_rratio 0.25)
      (net 7 "Net-(U1-Pad30)"))
    (pad 29 smd roundrect (at -0.25 -2.4375 90) (size 0.25 0.875) (layers F.Cu F.Paste F.Mask) (roundrect_rratio 0.25)
      (net 13 VDDR))
    (pad 28 smd roundrect (at 0.25 -2.4375 90) (size 0.25 0.875) (layers F.Cu F.Paste F.Mask) (roundrect_rratio 0.25)
      (net 12 VDDS))
    (pad 27 smd roundrect (at 0.75 -2.4375 90) (size 0.25 0.875) (layers F.Cu F.Paste F.Mask) (roundrect_rratio 0.25)
      (net 31 "Net-(J4-Pad8)"))
    (pad 26 smd roundrect (at 1.25 -2.4375 90) (size 0.25 0.875) (layers F.Cu F.Paste F.Mask) (roundrect_rratio 0.25)
      (net 30 "Net-(J4-Pad7)"))
    (pad 25 smd roundrect (at 1.75 -2.4375 90) (size 0.25 0.875) (layers F.Cu F.Paste F.Mask) (roundrect_rratio 0.25)
      (net 29 "Net-(J4-Pad6)"))
    (pad 24 smd roundrect (at 2.4375 -1.75 90) (size 0.875 0.25) (layers F.Cu F.Paste F.Mask) (roundrect_rratio 0.25)
      (net 28 "Net-(J4-Pad5)"))
    (pad 23 smd roundrect (at 2.4375 -1.25 90) (size 0.875 0.25) (layers F.Cu F.Paste F.Mask) (roundrect_rratio 0.25)
      (net 27 "Net-(J4-Pad4)"))
    (pad 22 smd roundrect (at 2.4375 -0.75 90) (size 0.875 0.25) (layers F.Cu F.Paste F.Mask) (roundrect_rratio 0.25)
      (net 26 "Net-(J4-Pad3)"))
    (pad 21 smd roundrect (at 2.4375 -0.25 90) (size 0.875 0.25) (layers F.Cu F.Paste F.Mask) (roundrect_rratio 0.25)
      (net 25 "Net-(J4-Pad2)"))
    (pad 20 smd roundrect (at 2.4375 0.25 90) (size 0.875 0.25) (layers F.Cu F.Paste F.Mask) (roundrect_rratio 0.25)
      (net 32 "Net-(J4-Pad1)"))
    (pad 19 smd roundrect (at 2.4375 0.75 90) (size 0.875 0.25) (layers F.Cu F.Paste F.Mask) (roundrect_rratio 0.25)
      (net 18 JTAG_RESET))
    (pad 18 smd roundrect (at 2.4375 1.25 90) (size 0.875 0.25) (layers F.Cu F.Paste F.Mask) (roundrect_rratio 0.25)
      (net 12 VDDS))
    (pad 17 smd roundrect (at 2.4375 1.75 90) (size 0.875 0.25) (layers F.Cu F.Paste F.Mask) (roundrect_rratio 0.25)
      (net 33 DCDC_SW))
    (pad 16 smd roundrect (at 1.75 2.4375 90) (size 0.25 0.875) (layers F.Cu F.Paste F.Mask) (roundrect_rratio 0.25)
      (net 24 JTAG_TDI))
    (pad 15 smd roundrect (at 1.25 2.4375 90) (size 0.25 0.875) (layers F.Cu F.Paste F.Mask) (roundrect_rratio 0.25)
      (net 22 JTAG_TDO))
    (pad 14 smd roundrect (at 0.75 2.4375 90) (size 0.25 0.875) (layers F.Cu F.Paste F.Mask) (roundrect_rratio 0.25)
      (net 21 JTAG_TCK))
    (pad 13 smd roundrect (at 0.25 2.4375 90) (size 0.25 0.875) (layers F.Cu F.Paste F.Mask) (roundrect_rratio 0.25)
      (net 20 JTAG_TMS))
    (pad 12 smd roundrect (at -0.25 2.4375 90) (size 0.25 0.875) (layers F.Cu F.Paste F.Mask) (roundrect_rratio 0.25)
      (net 19 "Net-(C15-Pad1)"))
    (pad 11 smd roundrect (at -0.75 2.4375 90) (size 0.25 0.875) (layers F.Cu F.Paste F.Mask) (roundrect_rratio 0.25)
      (net 12 VDDS))
    (pad 10 smd roundrect (at -1.25 2.4375 90) (size 0.25 0.875) (layers F.Cu F.Paste F.Mask) (roundrect_rratio 0.25)
      (net 36 "Net-(J2-Pad8)"))
    (pad 9 smd roundrect (at -1.75 2.4375 90) (size 0.25 0.875) (layers F.Cu F.Paste F.Mask) (roundrect_rratio 0.25)
      (net 35 SDA))
    (pad 8 smd roundrect (at -2.4375 1.75 90) (size 0.875 0.25) (layers F.Cu F.Paste F.Mask) (roundrect_rratio 0.25)
      (net 34 SCL))
    (pad 7 smd roundrect (at -2.4375 1.25 90) (size 0.875 0.25) (layers F.Cu F.Paste F.Mask) (roundrect_rratio 0.25)
      (net 4 "Net-(J2-Pad7)"))
    (pad 6 smd roundrect (at -2.4375 0.75 90) (size 0.875 0.25) (layers F.Cu F.Paste F.Mask) (roundrect_rratio 0.25)
      (net 3 "Net-(J2-Pad6)"))
    (pad 5 smd roundrect (at -2.4375 0.25 90) (size 0.875 0.25) (layers F.Cu F.Paste F.Mask) (roundrect_rratio 0.25)
      (net 17 "Net-(C13-Pad1)"))
    (pad 4 smd roundrect (at -2.4375 -0.25 90) (size 0.875 0.25) (layers F.Cu F.Paste F.Mask) (roundrect_rratio 0.25)
      (net 16 "Net-(C12-Pad1)"))
    (pad 3 smd roundrect (at -2.4375 -0.75 90) (size 0.875 0.25) (layers F.Cu F.Paste F.Mask) (roundrect_rratio 0.25)
      (net 15 "Net-(C9-Pad1)"))
    (pad 2 smd roundrect (at -2.4375 -1.25 90) (size 0.875 0.25) (layers F.Cu F.Paste F.Mask) (roundrect_rratio 0.25)
      (net 2 "Net-(U1-Pad2)"))
    (pad 1 smd roundrect (at -2.4375 -1.75 90) (size 0.875 0.25) (layers F.Cu F.Paste F.Mask) (roundrect_rratio 0.25)
      (net 1 "Net-(U1-Pad1)"))
    (pad "" smd roundrect (at 0.775 0.775 90) (size 1.3 1.3) (layers F.Paste) (roundrect_rratio 0.192308))
    (pad "" smd roundrect (at 0.775 -0.775 90) (size 1.3 1.3) (layers F.Paste) (roundrect_rratio 0.192308))
    (pad "" smd roundrect (at -0.775 0.775 90) (size 1.3 1.3) (layers F.Paste) (roundrect_rratio 0.192308))
    (pad "" smd roundrect (at -0.775 -0.775 90) (size 1.3 1.3) (layers F.Paste) (roundrect_rratio 0.192308))
    (pad 33 smd roundrect (at 0 0 90) (size 3.03 3.03) (layers B.Cu) (roundrect_rratio 0.082508)
      (net 9 GND))
    (pad 33 thru_hole circle (at 1.2 1.2 90) (size 0.63 0.63) (drill 0.33) (layers *.Cu)
      (net 9 GND))
    (pad 33 thru_hole circle (at 0 1.2 90) (size 0.63 0.63) (drill 0.33) (layers *.Cu)
      (net 9 GND))
    (pad 33 thru_hole circle (at -1.2 1.2 90) (size 0.63 0.63) (drill 0.33) (layers *.Cu)
      (net 9 GND))
    (pad 33 thru_hole circle (at 1.2 0 90) (size 0.63 0.63) (drill 0.33) (layers *.Cu)
      (net 9 GND))
    (pad 33 thru_hole circle (at 0 0 90) (size 0.63 0.63) (drill 0.33) (layers *.Cu)
      (net 9 GND))
    (pad 33 thru_hole circle (at -1.2 0 90) (size 0.63 0.63) (drill 0.33) (layers *.Cu)
      (net 9 GND))
    (pad 33 thru_hole circle (at 1.2 -1.2 90) (size 0.63 0.63) (drill 0.33) (layers *.Cu)
      (net 9 GND))
    (pad 33 thru_hole circle (at 0 -1.2 90) (size 0.63 0.63) (drill 0.33) (layers *.Cu)
      (net 9 GND))
    (pad 33 thru_hole circle (at -1.2 -1.2 90) (size 0.63 0.63) (drill 0.33) (layers *.Cu)
      (net 9 GND))
    (pad 33 smd roundrect (at 0 0 90) (size 3.1 3.1) (layers F.Cu F.Mask) (roundrect_rratio 0.08064499999999999)
      (net 9 GND))
    (model ${KISYS3DMOD}/Package_DFN_QFN.3dshapes/VQFN-32-1EP_5x5mm_P0.5mm_EP3.1x3.1mm.wrl
      (at (xyz 0 0 0))
      (scale (xyz 1 1 1))
      (rotate (xyz 0 0 0))
    )
  )

  (module RF_Antenna:Texas_SWRA117D_2.4GHz_Right (layer F.Cu) (tedit 5996791A) (tstamp 5E929E3C)
    (at 239.776 81.534)
    (descr http://www.ti.com/lit/an/swra117d/swra117d.pdf)
    (tags "PCB antenna")
    (path /5E92D823)
    (attr virtual)
    (fp_text reference AE1 (at 4.55 -6.41) (layer F.Fab)
      (effects (font (size 1 1) (thickness 0.15)))
    )
    (fp_text value Antenna_Shield (at 4.55 1.21) (layer F.Fab)
      (effects (font (size 1 1) (thickness 0.15)))
    )
    (fp_poly (pts (xy 2.45 -2.51) (xy 4.45 -2.51) (xy 4.45 -5.15) (xy 7.15 -5.15)
      (xy 7.15 -2.51) (xy 9.15 -2.51) (xy 9.15 -5.15) (xy 11.85 -5.15)
      (xy 11.85 -0.71) (xy 11.35 -0.71) (xy 11.35 -4.65) (xy 9.65 -4.65)
      (xy 9.65 -2.01) (xy 6.65 -2.01) (xy 6.65 -4.65) (xy 4.95 -4.65)
      (xy 4.95 -2.01) (xy 1.95 -2.01) (xy 1.95 -4.65) (xy 0.25 -4.65)
      (xy 0.25 0.25) (xy -0.25 0.25) (xy -0.25 -4.65) (xy -1.65 -4.65)
      (xy -1.65 0.25) (xy -2.55 0.25) (xy -2.55 0.006785) (xy -2.247583 0.006785)
      (xy -2.237742 0.054395) (xy -2.213674 0.096797) (xy -2.175731 0.129581) (xy -2.167819 0.133935)
      (xy -2.125156 0.146043) (xy -2.076637 0.1453) (xy -2.031122 0.1324) (xy -2.012511 0.121787)
      (xy -1.978868 0.086553) (xy -1.958309 0.041368) (xy -1.951778 -0.008158) (xy -1.960218 -0.056417)
      (xy -1.977112 -0.088643) (xy -2.012372 -0.121313) (xy -2.057682 -0.141408) (xy -2.107267 -0.147982)
      (xy -2.155353 -0.140092) (xy -2.188245 -0.123186) (xy -2.223185 -0.086416) (xy -2.242847 -0.041622)
      (xy -2.247583 0.006785) (xy -2.55 0.006785) (xy -2.55 -5.15) (xy 2.45 -5.15)
      (xy 2.45 -2.51)) (layer F.Cu) (width 0))
    (fp_line (start -3.05 -5.45) (end 12.15 -5.45) (layer Dwgs.User) (width 0.15))
    (fp_line (start -3.05 -0.25) (end 12.15 -0.25) (layer Dwgs.User) (width 0.15))
    (fp_line (start -3.05 -0.25) (end -3.05 -5.45) (layer Dwgs.User) (width 0.15))
    (fp_line (start 12.15 -0.25) (end 12.15 -5.45) (layer Dwgs.User) (width 0.15))
    (fp_line (start -3.05 -5.45) (end 12.15 -0.25) (layer Dwgs.User) (width 0.15))
    (fp_line (start -3.05 -0.25) (end 12.15 -5.45) (layer Dwgs.User) (width 0.15))
    (fp_line (start -3.2 -5.6) (end 12.3 -5.6) (layer F.CrtYd) (width 0.05))
    (fp_line (start 12.3 -5.6) (end 12.3 0.35) (layer F.CrtYd) (width 0.05))
    (fp_line (start 12.3 0.35) (end -3.2 0.35) (layer F.CrtYd) (width 0.05))
    (fp_line (start -3.2 0.35) (end -3.2 -5.6) (layer F.CrtYd) (width 0.05))
    (fp_text user %R (at 4.55 -6.4) (layer F.Fab)
      (effects (font (size 1 1) (thickness 0.15)))
    )
    (fp_line (start 12.3 -5.6) (end 12.3 0.35) (layer F.Fab) (width 0.15))
    (fp_line (start -3.2 0.35) (end -3.2 -5.6) (layer F.Fab) (width 0.15))
    (fp_line (start 12.3 0.35) (end -3.2 0.35) (layer F.Fab) (width 0.15))
    (fp_line (start -3.2 -5.6) (end 12.3 -5.6) (layer F.Fab) (width 0.15))
    (pad 2 thru_hole rect (at -2.1 0) (size 0.9 0.5) (drill 0.3) (layers *.Cu)
      (net 9 GND) (zone_connect 2))
    (pad 1 connect rect (at 0 0) (size 0.5 0.5) (layers F.Cu)
      (net 10 "Net-(AE1-Pad1)"))
  )

  (module Connector_PinSocket_2.54mm:PinSocket_1x02_P2.54mm_Vertical (layer F.Cu) (tedit 5A19A420) (tstamp 5E93EB58)
    (at 206.4766 80.1624 180)
    (descr "Through hole straight socket strip, 1x02, 2.54mm pitch, single row (from Kicad 4.0.7), script generated")
    (tags "Through hole socket strip THT 1x02 2.54mm single row")
    (path /5E99BFD6)
    (fp_text reference BT1 (at 0 -2.77) (layer F.Fab)
      (effects (font (size 1 1) (thickness 0.15)))
    )
    (fp_text value Battery (at 0 5.31) (layer F.Fab)
      (effects (font (size 1 1) (thickness 0.15)))
    )
    (fp_line (start -1.27 -1.27) (end 0.635 -1.27) (layer F.Fab) (width 0.1))
    (fp_line (start 0.635 -1.27) (end 1.27 -0.635) (layer F.Fab) (width 0.1))
    (fp_line (start 1.27 -0.635) (end 1.27 3.81) (layer F.Fab) (width 0.1))
    (fp_line (start 1.27 3.81) (end -1.27 3.81) (layer F.Fab) (width 0.1))
    (fp_line (start -1.27 3.81) (end -1.27 -1.27) (layer F.Fab) (width 0.1))
    (fp_line (start -1.33 1.27) (end 1.33 1.27) (layer F.SilkS) (width 0.12))
    (fp_line (start -1.33 1.27) (end -1.33 3.87) (layer F.SilkS) (width 0.12))
    (fp_line (start -1.33 3.87) (end 1.33 3.87) (layer F.SilkS) (width 0.12))
    (fp_line (start 1.33 1.27) (end 1.33 3.87) (layer F.SilkS) (width 0.12))
    (fp_line (start 1.33 -1.33) (end 1.33 0) (layer F.SilkS) (width 0.12))
    (fp_line (start 0 -1.33) (end 1.33 -1.33) (layer F.SilkS) (width 0.12))
    (fp_line (start -1.8 -1.8) (end 1.75 -1.8) (layer F.CrtYd) (width 0.05))
    (fp_line (start 1.75 -1.8) (end 1.75 4.3) (layer F.CrtYd) (width 0.05))
    (fp_line (start 1.75 4.3) (end -1.8 4.3) (layer F.CrtYd) (width 0.05))
    (fp_line (start -1.8 4.3) (end -1.8 -1.8) (layer F.CrtYd) (width 0.05))
    (fp_text user %R (at 0 1.27 90) (layer F.Fab)
      (effects (font (size 1 1) (thickness 0.15)))
    )
    (pad 1 thru_hole rect (at 0 0 180) (size 1.7 1.7) (drill 1) (layers *.Cu *.Mask)
      (net 11 "Net-(BT1-Pad1)"))
    (pad 2 thru_hole oval (at 0 2.54 180) (size 1.7 1.7) (drill 1) (layers *.Cu *.Mask)
      (net 9 GND))
    (model ${KISYS3DMOD}/Connector_PinSocket_2.54mm.3dshapes/PinSocket_1x02_P2.54mm_Vertical.wrl
      (at (xyz 0 0 0))
      (scale (xyz 1 1 1))
      (rotate (xyz 0 0 0))
    )
  )

  (module Capacitor_SMD:C_0603_1608Metric (layer F.Cu) (tedit 5B301BBE) (tstamp 5E93EB23)
    (at 203.1745 79.6544)
    (descr "Capacitor SMD 0603 (1608 Metric), square (rectangular) end terminal, IPC_7351 nominal, (Body size source: http://www.tortai-tech.com/upload/download/2011102023233369053.pdf), generated with kicad-footprint-generator")
    (tags capacitor)
    (path /5E99FB07)
    (attr smd)
    (fp_text reference C1 (at 0 -1.43) (layer F.Fab)
      (effects (font (size 1 1) (thickness 0.15)))
    )
    (fp_text value 100nF (at 0 1.43) (layer F.Fab)
      (effects (font (size 1 1) (thickness 0.15)))
    )
    (fp_text user %R (at 0 0) (layer F.Fab)
      (effects (font (size 0.4 0.4) (thickness 0.06)))
    )
    (fp_line (start 1.48 0.73) (end -1.48 0.73) (layer F.CrtYd) (width 0.05))
    (fp_line (start 1.48 -0.73) (end 1.48 0.73) (layer F.CrtYd) (width 0.05))
    (fp_line (start -1.48 -0.73) (end 1.48 -0.73) (layer F.CrtYd) (width 0.05))
    (fp_line (start -1.48 0.73) (end -1.48 -0.73) (layer F.CrtYd) (width 0.05))
    (fp_line (start -0.162779 0.51) (end 0.162779 0.51) (layer F.SilkS) (width 0.12))
    (fp_line (start -0.162779 -0.51) (end 0.162779 -0.51) (layer F.SilkS) (width 0.12))
    (fp_line (start 0.8 0.4) (end -0.8 0.4) (layer F.Fab) (width 0.1))
    (fp_line (start 0.8 -0.4) (end 0.8 0.4) (layer F.Fab) (width 0.1))
    (fp_line (start -0.8 -0.4) (end 0.8 -0.4) (layer F.Fab) (width 0.1))
    (fp_line (start -0.8 0.4) (end -0.8 -0.4) (layer F.Fab) (width 0.1))
    (pad 2 smd roundrect (at 0.7875 0) (size 0.875 0.95) (layers F.Cu F.Paste F.Mask) (roundrect_rratio 0.25)
      (net 9 GND))
    (pad 1 smd roundrect (at -0.7875 0) (size 0.875 0.95) (layers F.Cu F.Paste F.Mask) (roundrect_rratio 0.25)
      (net 12 VDDS))
    (model ${KISYS3DMOD}/Capacitor_SMD.3dshapes/C_0603_1608Metric.wrl
      (at (xyz 0 0 0))
      (scale (xyz 1 1 1))
      (rotate (xyz 0 0 0))
    )
  )

  (module Capacitor_SMD:C_0603_1608Metric (layer F.Cu) (tedit 5B301BBE) (tstamp 5E937734)
    (at 186.4613 77.3684 180)
    (descr "Capacitor SMD 0603 (1608 Metric), square (rectangular) end terminal, IPC_7351 nominal, (Body size source: http://www.tortai-tech.com/upload/download/2011102023233369053.pdf), generated with kicad-footprint-generator")
    (tags capacitor)
    (path /5E9A0D3B)
    (attr smd)
    (fp_text reference C2 (at 0 -1.43) (layer F.Fab)
      (effects (font (size 1 1) (thickness 0.15)))
    )
    (fp_text value 100nF (at 0 1.43) (layer F.Fab)
      (effects (font (size 1 1) (thickness 0.15)))
    )
    (fp_line (start -0.8 0.4) (end -0.8 -0.4) (layer F.Fab) (width 0.1))
    (fp_line (start -0.8 -0.4) (end 0.8 -0.4) (layer F.Fab) (width 0.1))
    (fp_line (start 0.8 -0.4) (end 0.8 0.4) (layer F.Fab) (width 0.1))
    (fp_line (start 0.8 0.4) (end -0.8 0.4) (layer F.Fab) (width 0.1))
    (fp_line (start -0.162779 -0.51) (end 0.162779 -0.51) (layer F.SilkS) (width 0.12))
    (fp_line (start -0.162779 0.51) (end 0.162779 0.51) (layer F.SilkS) (width 0.12))
    (fp_line (start -1.48 0.73) (end -1.48 -0.73) (layer F.CrtYd) (width 0.05))
    (fp_line (start -1.48 -0.73) (end 1.48 -0.73) (layer F.CrtYd) (width 0.05))
    (fp_line (start 1.48 -0.73) (end 1.48 0.73) (layer F.CrtYd) (width 0.05))
    (fp_line (start 1.48 0.73) (end -1.48 0.73) (layer F.CrtYd) (width 0.05))
    (fp_text user %R (at 0 0) (layer F.Fab)
      (effects (font (size 0.4 0.4) (thickness 0.06)))
    )
    (pad 1 smd roundrect (at -0.7875 0 180) (size 0.875 0.95) (layers F.Cu F.Paste F.Mask) (roundrect_rratio 0.25)
      (net 12 VDDS))
    (pad 2 smd roundrect (at 0.7875 0 180) (size 0.875 0.95) (layers F.Cu F.Paste F.Mask) (roundrect_rratio 0.25)
      (net 9 GND))
    (model ${KISYS3DMOD}/Capacitor_SMD.3dshapes/C_0603_1608Metric.wrl
      (at (xyz 0 0 0))
      (scale (xyz 1 1 1))
      (rotate (xyz 0 0 0))
    )
  )

  (module Capacitor_SMD:C_0603_1608Metric (layer F.Cu) (tedit 5B301BBE) (tstamp 5E93EAF3)
    (at 203.1747 78.1304)
    (descr "Capacitor SMD 0603 (1608 Metric), square (rectangular) end terminal, IPC_7351 nominal, (Body size source: http://www.tortai-tech.com/upload/download/2011102023233369053.pdf), generated with kicad-footprint-generator")
    (tags capacitor)
    (path /5E9A22E9)
    (attr smd)
    (fp_text reference C3 (at 0 -1.43) (layer F.Fab)
      (effects (font (size 1 1) (thickness 0.15)))
    )
    (fp_text value 10uF (at 0 1.43) (layer F.Fab)
      (effects (font (size 1 1) (thickness 0.15)))
    )
    (fp_text user %R (at 0 0) (layer F.Fab)
      (effects (font (size 0.4 0.4) (thickness 0.06)))
    )
    (fp_line (start 1.48 0.73) (end -1.48 0.73) (layer F.CrtYd) (width 0.05))
    (fp_line (start 1.48 -0.73) (end 1.48 0.73) (layer F.CrtYd) (width 0.05))
    (fp_line (start -1.48 -0.73) (end 1.48 -0.73) (layer F.CrtYd) (width 0.05))
    (fp_line (start -1.48 0.73) (end -1.48 -0.73) (layer F.CrtYd) (width 0.05))
    (fp_line (start -0.162779 0.51) (end 0.162779 0.51) (layer F.SilkS) (width 0.12))
    (fp_line (start -0.162779 -0.51) (end 0.162779 -0.51) (layer F.SilkS) (width 0.12))
    (fp_line (start 0.8 0.4) (end -0.8 0.4) (layer F.Fab) (width 0.1))
    (fp_line (start 0.8 -0.4) (end 0.8 0.4) (layer F.Fab) (width 0.1))
    (fp_line (start -0.8 -0.4) (end 0.8 -0.4) (layer F.Fab) (width 0.1))
    (fp_line (start -0.8 0.4) (end -0.8 -0.4) (layer F.Fab) (width 0.1))
    (pad 2 smd roundrect (at 0.7875 0) (size 0.875 0.95) (layers F.Cu F.Paste F.Mask) (roundrect_rratio 0.25)
      (net 9 GND))
    (pad 1 smd roundrect (at -0.7875 0) (size 0.875 0.95) (layers F.Cu F.Paste F.Mask) (roundrect_rratio 0.25)
      (net 12 VDDS))
    (model ${KISYS3DMOD}/Capacitor_SMD.3dshapes/C_0603_1608Metric.wrl
      (at (xyz 0 0 0))
      (scale (xyz 1 1 1))
      (rotate (xyz 0 0 0))
    )
  )

  (module Capacitor_SMD:C_0603_1608Metric (layer F.Cu) (tedit 5B301BBE) (tstamp 5E93EA63)
    (at 203.1745 76.6064)
    (descr "Capacitor SMD 0603 (1608 Metric), square (rectangular) end terminal, IPC_7351 nominal, (Body size source: http://www.tortai-tech.com/upload/download/2011102023233369053.pdf), generated with kicad-footprint-generator")
    (tags capacitor)
    (path /5E9A355D)
    (attr smd)
    (fp_text reference C4 (at 0 -1.43) (layer F.Fab)
      (effects (font (size 1 1) (thickness 0.15)))
    )
    (fp_text value 100nF (at 0 1.43) (layer F.Fab)
      (effects (font (size 1 1) (thickness 0.15)))
    )
    (fp_line (start -0.8 0.4) (end -0.8 -0.4) (layer F.Fab) (width 0.1))
    (fp_line (start -0.8 -0.4) (end 0.8 -0.4) (layer F.Fab) (width 0.1))
    (fp_line (start 0.8 -0.4) (end 0.8 0.4) (layer F.Fab) (width 0.1))
    (fp_line (start 0.8 0.4) (end -0.8 0.4) (layer F.Fab) (width 0.1))
    (fp_line (start -0.162779 -0.51) (end 0.162779 -0.51) (layer F.SilkS) (width 0.12))
    (fp_line (start -0.162779 0.51) (end 0.162779 0.51) (layer F.SilkS) (width 0.12))
    (fp_line (start -1.48 0.73) (end -1.48 -0.73) (layer F.CrtYd) (width 0.05))
    (fp_line (start -1.48 -0.73) (end 1.48 -0.73) (layer F.CrtYd) (width 0.05))
    (fp_line (start 1.48 -0.73) (end 1.48 0.73) (layer F.CrtYd) (width 0.05))
    (fp_line (start 1.48 0.73) (end -1.48 0.73) (layer F.CrtYd) (width 0.05))
    (fp_text user %R (at 0 0) (layer F.Fab)
      (effects (font (size 0.4 0.4) (thickness 0.06)))
    )
    (pad 1 smd roundrect (at -0.7875 0) (size 0.875 0.95) (layers F.Cu F.Paste F.Mask) (roundrect_rratio 0.25)
      (net 12 VDDS))
    (pad 2 smd roundrect (at 0.7875 0) (size 0.875 0.95) (layers F.Cu F.Paste F.Mask) (roundrect_rratio 0.25)
      (net 9 GND))
    (model ${KISYS3DMOD}/Capacitor_SMD.3dshapes/C_0603_1608Metric.wrl
      (at (xyz 0 0 0))
      (scale (xyz 1 1 1))
      (rotate (xyz 0 0 0))
    )
  )

  (module Capacitor_SMD:C_0603_1608Metric (layer F.Cu) (tedit 5B301BBE) (tstamp 5E9599FD)
    (at 199.3899 78.0288 180)
    (descr "Capacitor SMD 0603 (1608 Metric), square (rectangular) end terminal, IPC_7351 nominal, (Body size source: http://www.tortai-tech.com/upload/download/2011102023233369053.pdf), generated with kicad-footprint-generator")
    (tags capacitor)
    (path /5E990597)
    (attr smd)
    (fp_text reference C5 (at 0 -1.43) (layer F.Fab)
      (effects (font (size 1 1) (thickness 0.15)))
    )
    (fp_text value 10uF (at 0 1.43) (layer F.Fab)
      (effects (font (size 1 1) (thickness 0.15)))
    )
    (fp_line (start -0.8 0.4) (end -0.8 -0.4) (layer F.Fab) (width 0.1))
    (fp_line (start -0.8 -0.4) (end 0.8 -0.4) (layer F.Fab) (width 0.1))
    (fp_line (start 0.8 -0.4) (end 0.8 0.4) (layer F.Fab) (width 0.1))
    (fp_line (start 0.8 0.4) (end -0.8 0.4) (layer F.Fab) (width 0.1))
    (fp_line (start -0.162779 -0.51) (end 0.162779 -0.51) (layer F.SilkS) (width 0.12))
    (fp_line (start -0.162779 0.51) (end 0.162779 0.51) (layer F.SilkS) (width 0.12))
    (fp_line (start -1.48 0.73) (end -1.48 -0.73) (layer F.CrtYd) (width 0.05))
    (fp_line (start -1.48 -0.73) (end 1.48 -0.73) (layer F.CrtYd) (width 0.05))
    (fp_line (start 1.48 -0.73) (end 1.48 0.73) (layer F.CrtYd) (width 0.05))
    (fp_line (start 1.48 0.73) (end -1.48 0.73) (layer F.CrtYd) (width 0.05))
    (fp_text user %R (at 0 0) (layer F.Fab)
      (effects (font (size 0.4 0.4) (thickness 0.06)))
    )
    (pad 1 smd roundrect (at -0.7875 0 180) (size 0.875 0.95) (layers F.Cu F.Paste F.Mask) (roundrect_rratio 0.25)
      (net 13 VDDR))
    (pad 2 smd roundrect (at 0.7875 0 180) (size 0.875 0.95) (layers F.Cu F.Paste F.Mask) (roundrect_rratio 0.25)
      (net 9 GND))
    (model ${KISYS3DMOD}/Capacitor_SMD.3dshapes/C_0603_1608Metric.wrl
      (at (xyz 0 0 0))
      (scale (xyz 1 1 1))
      (rotate (xyz 0 0 0))
    )
  )

  (module Capacitor_SMD:C_0603_1608Metric (layer F.Cu) (tedit 5B301BBE) (tstamp 5E937542)
    (at 186.4615 78.8924 180)
    (descr "Capacitor SMD 0603 (1608 Metric), square (rectangular) end terminal, IPC_7351 nominal, (Body size source: http://www.tortai-tech.com/upload/download/2011102023233369053.pdf), generated with kicad-footprint-generator")
    (tags capacitor)
    (path /5E994240)
    (attr smd)
    (fp_text reference C6 (at 0 -1.43) (layer F.Fab)
      (effects (font (size 1 1) (thickness 0.15)))
    )
    (fp_text value 100nF (at 0 1.43) (layer F.Fab)
      (effects (font (size 1 1) (thickness 0.15)))
    )
    (fp_text user %R (at 0 0) (layer F.Fab)
      (effects (font (size 0.4 0.4) (thickness 0.06)))
    )
    (fp_line (start 1.48 0.73) (end -1.48 0.73) (layer F.CrtYd) (width 0.05))
    (fp_line (start 1.48 -0.73) (end 1.48 0.73) (layer F.CrtYd) (width 0.05))
    (fp_line (start -1.48 -0.73) (end 1.48 -0.73) (layer F.CrtYd) (width 0.05))
    (fp_line (start -1.48 0.73) (end -1.48 -0.73) (layer F.CrtYd) (width 0.05))
    (fp_line (start -0.162779 0.51) (end 0.162779 0.51) (layer F.SilkS) (width 0.12))
    (fp_line (start -0.162779 -0.51) (end 0.162779 -0.51) (layer F.SilkS) (width 0.12))
    (fp_line (start 0.8 0.4) (end -0.8 0.4) (layer F.Fab) (width 0.1))
    (fp_line (start 0.8 -0.4) (end 0.8 0.4) (layer F.Fab) (width 0.1))
    (fp_line (start -0.8 -0.4) (end 0.8 -0.4) (layer F.Fab) (width 0.1))
    (fp_line (start -0.8 0.4) (end -0.8 -0.4) (layer F.Fab) (width 0.1))
    (pad 2 smd roundrect (at 0.7875 0 180) (size 0.875 0.95) (layers F.Cu F.Paste F.Mask) (roundrect_rratio 0.25)
      (net 9 GND))
    (pad 1 smd roundrect (at -0.7875 0 180) (size 0.875 0.95) (layers F.Cu F.Paste F.Mask) (roundrect_rratio 0.25)
      (net 13 VDDR))
    (model ${KISYS3DMOD}/Capacitor_SMD.3dshapes/C_0603_1608Metric.wrl
      (at (xyz 0 0 0))
      (scale (xyz 1 1 1))
      (rotate (xyz 0 0 0))
    )
  )

  (module Capacitor_SMD:C_0603_1608Metric (layer F.Cu) (tedit 5B301BBE) (tstamp 5E93E2D5)
    (at 186.4868 80.6704 180)
    (descr "Capacitor SMD 0603 (1608 Metric), square (rectangular) end terminal, IPC_7351 nominal, (Body size source: http://www.tortai-tech.com/upload/download/2011102023233369053.pdf), generated with kicad-footprint-generator")
    (tags capacitor)
    (path /5E995743)
    (attr smd)
    (fp_text reference C7 (at 0 -1.43) (layer F.Fab)
      (effects (font (size 1 1) (thickness 0.15)))
    )
    (fp_text value 100nF (at 0 1.43) (layer F.Fab)
      (effects (font (size 1 1) (thickness 0.15)))
    )
    (fp_line (start -0.8 0.4) (end -0.8 -0.4) (layer F.Fab) (width 0.1))
    (fp_line (start -0.8 -0.4) (end 0.8 -0.4) (layer F.Fab) (width 0.1))
    (fp_line (start 0.8 -0.4) (end 0.8 0.4) (layer F.Fab) (width 0.1))
    (fp_line (start 0.8 0.4) (end -0.8 0.4) (layer F.Fab) (width 0.1))
    (fp_line (start -0.162779 -0.51) (end 0.162779 -0.51) (layer F.SilkS) (width 0.12))
    (fp_line (start -0.162779 0.51) (end 0.162779 0.51) (layer F.SilkS) (width 0.12))
    (fp_line (start -1.48 0.73) (end -1.48 -0.73) (layer F.CrtYd) (width 0.05))
    (fp_line (start -1.48 -0.73) (end 1.48 -0.73) (layer F.CrtYd) (width 0.05))
    (fp_line (start 1.48 -0.73) (end 1.48 0.73) (layer F.CrtYd) (width 0.05))
    (fp_line (start 1.48 0.73) (end -1.48 0.73) (layer F.CrtYd) (width 0.05))
    (fp_text user %R (at 0 0) (layer F.Fab)
      (effects (font (size 0.4 0.4) (thickness 0.06)))
    )
    (pad 1 smd roundrect (at -0.7875 0 180) (size 0.875 0.95) (layers F.Cu F.Paste F.Mask) (roundrect_rratio 0.25)
      (net 13 VDDR))
    (pad 2 smd roundrect (at 0.7875 0 180) (size 0.875 0.95) (layers F.Cu F.Paste F.Mask) (roundrect_rratio 0.25)
      (net 9 GND))
    (model ${KISYS3DMOD}/Capacitor_SMD.3dshapes/C_0603_1608Metric.wrl
      (at (xyz 0 0 0))
